<?xml version="1.0"?>
<opencv_storage>
<H_mean type_id="opencv-matrix">
  <rows>3</rows>
  <cols>3</cols>
  <dt>d</dt>
  <data>
    7.0172270600071446e-02 -2.1039232829278490e-01
    6.2914716995328411e+02 6.0175053252138466e-01 1.5909985448761379e+00
    -3.0107055707780381e+02 2.6467081412066204e-03
    -6.5008500164960266e-04 8.7500000000000000e-01</data></H_mean>
</opencv_storage>
