<?xml version="1.0"?>
<opencv_storage>
<H type_id="opencv-matrix">
  <rows>3</rows>
  <cols>3</cols>
  <dt>d</dt>
  <data>
    3.9527357167687821e-03 -1.2860844731055610e+00
    3.2060406442138878e+02 -1.1289237559617431e-01
    -6.1734416063617414e-01 1.5629133208909610e+02
    -4.9455582544104791e-04 -3.3579534642683463e-03
    9.9999999999999989e-01</data></H>
</opencv_storage>
