<?xml version="1.0"?>
<opencv_storage>
<H type_id="opencv-matrix">
  <rows>3</rows>
  <cols>3</cols>
  <dt>d</dt>
  <data>
    9.1947610890899367e-02 -2.0477589670265295e-01
    7.1896027297727642e+02 6.8800085902250374e-01 1.8767853696562418e+00
    -3.4892507952843073e+02 3.1165586133216762e-03
    -6.7186055998215714e-04 1.</data></H>
</opencv_storage>
