<?xml version="1.0"?>
<opencv_storage>
<H_mean type_id="opencv-matrix">
  <rows>3</rows>
  <cols>3</cols>
  <dt>d</dt>
  <data>
    6.3885813574536456e+00 -4.3175163617945628e-01
    -2.0958932869257424e+03 3.3992998011768352e+00
    2.4482768470244487e+00 -4.3957542300831892e+02
    1.1156059207593352e-02 -2.8496022706491278e-03 1.</data></H_mean>
</opencv_storage>
