<?xml version="1.0"?>
<opencv_storage>
<H_mean type_id="opencv-matrix">
  <rows>3</rows>
  <cols>3</cols>
  <dt>d</dt>
  <data>
    -5.8045767626965206e-01 -7.3461831591694102e-02
    2.5167432878267283e+02 -3.3465971184687721e-02
    3.6904325488743361e-01 1.3540503214379970e+02
    -7.5050286157578463e-05 -7.7611208855023119e-04 1.</data></H_mean>
</opencv_storage>
