<?xml version="1.0"?>
<opencv_storage>
<calibration_Time>"πι”Λ‘"</calibration_Time>
<nrOfFrames>25</nrOfFrames>
<image_Width>640</image_Width>
<image_Height>360</image_Height>
<board_Width>9</board_Width>
<board_Height>6</board_Height>
<square_Size>28.</square_Size>
<FixAspectRatio>1.</FixAspectRatio>
<flagValue>14</flagValue>
<Camera_Matrix type_id="opencv-matrix">
  <rows>3</rows>
  <cols>3</cols>
  <dt>d</dt>
  <data>
    4.8168329540204758e+02 0. 3.1950000000000000e+02 0.
    4.8168329540204758e+02 1.7950000000000000e+02 0. 0. 1.</data></Camera_Matrix>
<Distortion_Coefficients type_id="opencv-matrix">
  <rows>5</rows>
  <cols>1</cols>
  <dt>d</dt>
  <data>
    -2.5027778778298465e-01 -8.4803956494601807e-01 0. 0.
    2.1474260720978577e+00</data></Distortion_Coefficients>
<Avg_Reprojection_Error>2.4046467377367431e-01</Avg_Reprojection_Error>
<Per_View_Reprojection_Errors type_id="opencv-matrix">
  <rows>25</rows>
  <cols>1</cols>
  <dt>f</dt>
  <data>
    4.73894596e-01 3.88385713e-01 2.24831820e-01 2.32839137e-01
    2.40957066e-01 2.02576935e-01 2.30079040e-01 2.17232123e-01
    2.11016297e-01 1.87208056e-01 2.36766309e-01 2.64628619e-01
    2.37140298e-01 2.20027462e-01 2.52391011e-01 2.11336166e-01
    2.20579684e-01 2.65430659e-01 1.89943269e-01 1.94890425e-01
    1.84236944e-01 1.62275538e-01 1.78174362e-01 1.70451835e-01
    1.82360709e-01</data></Per_View_Reprojection_Errors>
<Extrinsic_Parameters type_id="opencv-matrix">
  <rows>25</rows>
  <cols>6</cols>
  <dt>d</dt>
  <data>
    4.5952027477670421e-01 5.1554482267857049e-01 2.9950822469544973e+00
    -6.6516258723542139e+00 2.3702432970087926e+02
    6.6855284796934325e+02 6.0702104257642608e-01 1.8210252433900531e-01
    3.0059577772316648e+00 4.1782910125156462e+01 1.6529731515069511e+02
    6.8089200469120976e+02 3.1920921015391263e-01 1.8322365811812152e-01
    3.0861115264589070e+00 1.2802273819009687e+02 1.5922479230617944e+02
    6.6460472897029115e+02 3.2076011175017116e-01 1.9030049690041084e-01
    3.0929180698269940e+00 1.3139825261305205e+02 1.6222377722324003e+02
    6.6231906230724212e+02 3.1138186935718620e-01 1.8627327320664389e-01
    3.0970706320624299e+00 1.3493332889032811e+02 1.6305507975682522e+02
    6.6054175967276365e+02 2.6369402788394791e-01 1.9796120194076469e-01
    3.1151214097977040e+00 1.6871295448073178e+02 1.6072826638469618e+02
    6.5790393539271861e+02 1.5526563477646052e-01 2.9849889691958259e-01
    3.0670898024410476e+00 2.7906523126883036e+02 1.6733413476974366e+02
    6.9237823814684850e+02 6.2701868282382084e-02 1.7788471625363098e-01
    3.0762009986149490e+00 1.8587468963631719e+02 9.2576382184087649e+01
    7.6047782103072018e+02 3.4878098905249011e-01 2.8908100603177356e-01
    3.1046213167216514e+00 -1.7716961359277628e-01
    1.6042556868016644e+02 6.9700642699778984e+02 4.9034507685058398e-01
    1.6169795884114577e-01 3.0866935467671226e+00 1.3175753582084488e+02
    1.8059135366378359e+02 6.7098900838275313e+02 4.1462186723048444e-01
    1.9190570820755376e-01 3.0786831787091491e+00 1.9996566310810528e+02
    1.7908009673897431e+02 6.5306941985191929e+02 3.7955097014962680e-01
    2.2099726757133611e-01 3.0703597087349213e+00 2.1719082801785629e+02
    1.7497387364016922e+02 6.5312185690236936e+02 2.0443581887177042e-01
    3.9156452216818999e-01 3.0765885579881203e+00 2.6359753909182069e+02
    2.0476613427831450e+02 7.5179533664217274e+02 1.0847295495242842e-01
    4.3053623495886983e-01 3.0722955606980191e+00 2.5989661506431088e+02
    2.0111491922763497e+02 7.5066727515679736e+02 2.7179702033717568e-01
    -2.6526109812214765e-01 -3.0611346780348119e+00
    2.2438313058236292e+02 2.1143955848169665e+02 8.0471760693140789e+02
    1.9989851227626243e-01 4.7808787655363816e-01 3.0476125267779155e+00
    8.0420680275827806e+01 1.2566506782816170e+02 6.7702872763968355e+02
    1.0753638827490637e-01 4.3801164539967441e-01 3.0250945710319725e+00
    1.1726149366286964e+02 1.0791551264000140e+02 6.8604789388428196e+02
    1.0870994314497628e-01 4.2406251674807555e-01 3.0420666844376525e+00
    1.2883238444209235e+02 1.1579314712598907e+02 6.8015983589655991e+02
    -7.5973535414262353e-04 2.2124475057713097e-01
    3.0402820326963829e+00 1.5423084579941326e+02 1.8382152489544498e+02
    6.4033241193262768e+02 1.1190344203045256e-02 1.9618995100607300e-01
    3.0420407796046778e+00 1.5647489902956877e+02 1.8731171688342511e+02
    6.4111721761367278e+02 -4.7463781375522013e-03
    2.0805391431503795e-01 3.0414434762610063e+00 1.6424670698727653e+02
    1.8853973886489823e+02 6.4326838306946217e+02
    -4.4515063434858865e-03 2.4211992612339120e-01
    3.1282168565943826e+00 1.7245567802397218e+02 2.2209542164980431e+02
    6.8397945289348274e+02 3.6865846707139984e-03 1.9634920503856357e-01
    3.1305098027884433e+00 1.7202944770836893e+02 2.1894855069593430e+02
    6.9210710969342381e+02 2.3017930959035204e-02 2.1528182394841325e-01
    3.1247373285122038e+00 1.7078877863627679e+02 2.1664309846141822e+02
    6.9321156093087347e+02 1.2622533013537253e-02 2.3731878473548398e-01
    3.1157787191388087e+00 1.7347938124059223e+02 2.1437699079999055e+02
    6.9483318547835472e+02</data></Extrinsic_Parameters>
