<?xml version="1.0"?>
<opencv_storage>
<calibration_Time>"€èo[€"</calibration_Time>
<nrOfFrames>25</nrOfFrames>
<image_Width>640</image_Width>
<image_Height>360</image_Height>
<board_Width>9</board_Width>
<board_Height>6</board_Height>
<square_Size>28.</square_Size>
<FixAspectRatio>1.</FixAspectRatio>
<flagValue>14</flagValue>
<Camera_Matrix type_id="opencv-matrix">
  <rows>3</rows>
  <cols>3</cols>
  <dt>d</dt>
  <data>
    5.8893889903902334e+02 0. 3.1950000000000000e+02 0.
    5.8893889903902334e+02 1.7950000000000000e+02 0. 0. 1.</data></Camera_Matrix>
<Distortion_Coefficients type_id="opencv-matrix">
  <rows>5</rows>
  <cols>1</cols>
  <dt>d</dt>
  <data>
    -7.1579627876695195e-01 1.9940656792817553e+00 0. 0.
    -3.4833221011157494e+00</data></Distortion_Coefficients>
<Avg_Reprojection_Error>4.7712999677050461e-01</Avg_Reprojection_Error>
<Per_View_Reprojection_Errors type_id="opencv-matrix">
  <rows>25</rows>
  <cols>1</cols>
  <dt>f</dt>
  <data>
    4.90824789e-01 5.22182286e-01 3.91969919e-01 4.57731754e-01
    4.68137652e-01 4.63029236e-01 4.54235524e-01 5.28388858e-01
    3.67401809e-01 4.34127957e-01 3.75293642e-01 3.61563236e-01
    4.13852423e-01 3.64374280e-01 3.43022525e-01 3.42656672e-01
    4.06110853e-01 3.49843532e-01 8.52436244e-01 3.23752671e-01
    3.25695813e-01 3.25424612e-01 9.42637146e-01 5.08543253e-01
    5.32377005e-01</data></Per_View_Reprojection_Errors>
<Extrinsic_Parameters type_id="opencv-matrix">
  <rows>25</rows>
  <cols>6</cols>
  <dt>d</dt>
  <data>
    -4.7999958395139525e-01 8.9587940871440237e-03
    -2.9190187377488637e+00 -2.4392794761668966e+00
    1.2100147923745601e+02 5.2967126972564176e+02
    -4.3759923738598433e-01 5.1536546392256175e-02
    -2.9552793727031275e+00 -6.6389827997588147e-01
    1.1367757754730725e+02 5.5679473099017594e+02
    -4.4320583892395043e-01 4.1347622356762190e-02
    -2.9510060462334242e+00 -3.0441032576576923e+00
    1.1486990395937423e+02 5.5701526973434864e+02
    -4.1157776873767704e-01 4.3457103867527651e-02
    -2.9282239752317776e+00 -9.0255669180025713e+00
    1.1800891024515174e+02 5.6168378159075212e+02
    -4.0121939148559527e-01 3.9786273209038783e-02
    -2.9302260988086677e+00 -9.7357705226488420e+00
    1.1771943141199831e+02 5.6277009647430714e+02
    -3.7892040922241799e-01 2.3949122494422614e-02
    -2.9370412800236685e+00 -9.7292040314727934e+00
    1.1636184838614899e+02 5.6470936346722988e+02
    -3.4827925142216781e-01 6.0051893232372332e-03
    -2.9099776808116986e+00 -1.4464754588191028e+01
    1.1520479276277862e+02 5.7094859601963140e+02
    -3.1571127550805012e-01 7.5738340919283935e-03
    -2.9234647515939103e+00 -8.8465549535964563e+00
    1.1377574783893348e+02 5.7734945410555520e+02
    -2.8452318010138017e-01 1.6638914018940427e-02
    -2.9421951840556289e+00 -4.4900821431886540e+00
    1.1017609543938947e+02 5.9158067669722470e+02
    -2.4946388045567169e-01 -2.1465375072560886e-02
    -2.9316194809714595e+00 -8.0247664060645487e+00
    1.1208097628601863e+02 5.9502163341752976e+02
    -1.7267567384187701e-01 -1.3530239220881242e-04
    -2.9328120506698911e+00 -1.4686626775096419e+01
    1.0977252696511860e+02 6.1265848364334272e+02
    -1.6586947035832758e-01 5.4554730334453967e-02
    -2.9284009977051979e+00 -1.6933821735880016e+01
    1.0603499304362317e+02 6.2305164809154735e+02
    -1.1840272678500864e-01 4.7610048081651556e-03
    -2.9407679732807406e+00 -1.8847075172279435e+01
    1.0150816614179037e+02 6.3199882679403015e+02
    -9.4060252249428405e-02 2.3973318810147710e-02
    -2.9591721164473856e+00 -2.3256898690439904e+01
    1.0309252060093331e+02 6.5634152433048871e+02
    -1.0686948793771864e-01 4.6115953176599250e-02
    -2.9482559726208160e+00 -2.9078706730243521e+01
    1.0518426300605223e+02 6.6811000388393586e+02
    -1.7177486487962126e-01 9.2416471254442994e-02
    -2.9424069642653561e+00 -3.6819819565800636e+01
    1.0486792542796098e+02 6.8559824948879100e+02
    -2.3966950181151092e-01 7.0247229986007409e-02
    -2.9374141598655723e+00 -4.1524772736252608e+01
    1.0509770795131165e+02 6.8803100366127217e+02
    -3.7219189232403210e-01 4.5766126250107182e-02
    -2.9316096200111157e+00 -5.5261965825311435e+01
    1.0587569077884064e+02 6.8505937694334352e+02
    -4.4049956415730973e-01 2.1206123829441625e-01
    -2.8583724583883776e+00 -7.5415977697181461e+01
    1.2415855502377052e+02 6.9688553933802621e+02 4.2826146316921776e-02
    -1.5824758286408186e-01 3.1330742881785727e+00
    2.9106786723326701e+02 9.1621501770305414e+01 6.4205029816661477e+02
    -1.8746302178308080e-01 1.0945901206390198e-01
    -3.1282116001928437e+00 2.7920427513289508e+02
    8.9789635889069530e+01 6.1825725587092029e+02
    -1.8225563937706463e-01 1.5740374005593658e-01
    -3.1275872707632755e+00 2.7897500620349695e+02
    8.8939743625035049e+01 6.2293314101472049e+02 5.2140180511668840e-03
    1.8295188477022431e-01 -2.6101520525363471e-02
    -1.7349949394240795e+02 -9.9020575462182023e+01
    5.7109852925659277e+02 3.2635671810358167e-02 2.7084379605964642e-01
    3.1245819752902917e+00 7.3242630344342707e+00 7.1588748023344365e+01
    5.3092320370170830e+02 -3.5011228290092811e-01
    1.8239841635509527e-02 -2.8541441892730419e+00
    -2.5639405341611695e+01 1.1305120700620131e+02
    5.4177452234683903e+02</data></Extrinsic_Parameters>
