<?xml version="1.0"?>
<opencv_storage>
<calibration_Time>"0ËO’"</calibration_Time>
<nrOfFrames>25</nrOfFrames>
<image_Width>640</image_Width>
<image_Height>480</image_Height>
<board_Width>9</board_Width>
<board_Height>6</board_Height>
<square_Size>28.</square_Size>
<FixAspectRatio>1.</FixAspectRatio>
<flagValue>14</flagValue>
<Camera_Matrix type_id="opencv-matrix">
  <rows>3</rows>
  <cols>3</cols>
  <dt>d</dt>
  <data>
    6.4928661510879647e+02 0. 3.1950000000000000e+02 0.
    6.4928661510879647e+02 2.3950000000000000e+02 0. 0. 1.</data></Camera_Matrix>
<Distortion_Coefficients type_id="opencv-matrix">
  <rows>5</rows>
  <cols>1</cols>
  <dt>d</dt>
  <data>
    -3.7889892333482733e-01 7.1612584275957555e-02 0. 0.
    7.4401287510901540e-02</data></Distortion_Coefficients>
<Avg_Reprojection_Error>8.5188705650201202e-01</Avg_Reprojection_Error>
<Per_View_Reprojection_Errors type_id="opencv-matrix">
  <rows>25</rows>
  <cols>1</cols>
  <dt>f</dt>
  <data>
    1.06805778e+00 1.09431040e+00 1.05474353e+00 8.02418590e-01
    8.11427534e-01 8.13414693e-01 8.57838392e-01 4.07484889e-01
    7.94481516e-01 8.86132836e-01 8.14669013e-01 1.13100731e+00
    1.45590937e+00 8.96895885e-01 8.61339211e-01 7.40359187e-01
    6.64924860e-01 6.83515966e-01 6.73977554e-01 6.84684992e-01
    5.82225084e-01 5.49351573e-01 6.21329963e-01 6.02155268e-01
    1.01537085e+00</data></Per_View_Reprojection_Errors>
<Extrinsic_Parameters type_id="opencv-matrix">
  <rows>25</rows>
  <cols>6</cols>
  <dt>d</dt>
  <data>
    -8.7898715023555604e-02 -6.0873877245346486e-01
    -3.0489276353145645e+00 9.9054511679805216e+01
    7.9730140158234718e+01 3.2888838073993588e+02 8.6122888019267055e-02
    5.7986808676738943e-01 3.0816415908311900e+00 7.2722361446128346e+01
    6.7720389183834342e+01 3.7970373274028049e+02
    -4.8124036605687141e-02 -7.3038805689584430e-01
    -3.0223645695256756e+00 9.2637646353462628e+01
    5.2477129710661877e+01 4.2054799663388366e+02
    -5.1877509391799255e-02 -6.2301355412888848e-01
    -3.0347083994344843e+00 9.6160512236392833e+01
    5.1038709592484942e+01 4.7541146197436564e+02
    -6.0631146551331734e-02 -6.2769749573272793e-01
    -3.0465203526311990e+00 9.5610384590587103e+01
    4.5573127809124792e+01 4.9844967236702422e+02
    -6.5354544095289679e-02 -6.5656921306017990e-01
    -3.0475523289083504e+00 9.2488613447937809e+01
    4.2906227273609758e+01 5.1779626302475242e+02
    -7.0466768767356358e-02 -6.7282648754911789e-01
    -3.0351954139885415e+00 8.6544520304427479e+01
    4.4307813745415025e+01 5.3008420705651133e+02 1.1441614837362833e-01
    3.8781261188565225e-01 3.0485145122426620e+00 5.8878038280989593e+01
    6.0005376955911238e+01 6.2105268741618420e+02 1.8793239859894850e-01
    -5.0441933892328639e-01 -2.9726740497369963e+00
    8.5639027211837501e+01 7.3006487995291607e+01 4.9566939767910338e+02
    1.8409752559785078e-01 -4.9342434867434654e-01
    -2.9871851420274691e+00 9.1687363417437339e+01
    7.6074457619650389e+01 4.8745634200490559e+02 1.9716043773599445e-01
    -4.6565997342855331e-01 -3.0209373766995751e+00
    1.0027073937647776e+02 7.4854713320034321e+01 4.8741937233485021e+02
    -1.8745618880630158e-01 -3.6271980021604033e-01
    -3.0403925003047858e+00 1.1635039285038600e+02
    7.0789061380979945e+01 3.2826779510267164e+02
    -1.4753774640784079e-01 -4.4496197233486073e-01
    -3.0050430816242191e+00 1.0712663004333079e+02
    7.7687188274387807e+01 3.1969152661392729e+02
    -1.8741054649365121e-02 -3.7184691724921742e-01
    -2.9596071821373799e+00 6.7529635168973428e+01
    1.0724960965454319e+02 3.6018844686256926e+02
    -1.3952000995550265e-01 -3.9522505655913243e-01
    -2.9607038984763689e+00 1.0505264357314553e+02
    1.0707006889237059e+02 4.1938108138064320e+02
    -6.2302602184251456e-03 -4.9222107010195804e-01
    -3.0899840057802446e+00 1.4932245808121806e+02
    1.0141724078654072e+02 3.7036245053120922e+02 1.3452941096741241e-02
    -4.4137953463840318e-01 -3.1084981647723513e+00
    1.5090362420582125e+02 1.0165284384392311e+02 3.7540062264187139e+02
    8.2255338836257533e-02 -5.2675917658871285e-01
    -3.0794886370290944e+00 8.5150214292983691e+01
    9.4281525801224049e+01 4.1130633182631237e+02 1.4270471398355428e-01
    -5.2927284031071631e-01 -3.0926868841165556e+00
    7.9940251251952631e+01 1.0590481007420725e+02 4.5007725191793577e+02
    -1.5918323525860895e-01 6.1143305197073161e-01
    3.0686077222602526e+00 7.4826841690732380e+01 1.1078899017705916e+02
    4.5368311091670211e+02 -1.5762452654377362e-01
    5.5906130724132497e-01 3.0769052198077387e+00 7.3083070540410404e+01
    1.1686591286672355e+02 4.6549216653897332e+02
    -1.4672479438634423e-01 4.4080285280429582e-01
    3.0963112531646173e+00 7.7688469131974486e+01 1.3187830138782260e+02
    5.0628253204006438e+02 1.5166339988758751e-01
    -5.2798698548272582e-01 -3.0535158596244134e+00
    9.5306629072663782e+01 1.4129617507305429e+02 4.9412942369022738e+02
    1.5062797088591709e-01 -5.5377930690005761e-01
    -3.0301226122461471e+00 1.0906072318398255e+02
    1.4586477392074912e+02 4.9345649338019132e+02 4.5738280200713216e-03
    3.8877045301079499e-01 3.1141371087784457e+00 1.3342379900500694e+02
    8.1167253189757190e+01 3.3764845447463529e+02</data></Extrinsic_Parameters>
