<?xml version="1.0"?>
<opencv_storage>
<calibration_Time>"`Áèú¯"</calibration_Time>
<nrOfFrames>20</nrOfFrames>
<image_Width>640</image_Width>
<image_Height>360</image_Height>
<board_Width>9</board_Width>
<board_Height>6</board_Height>
<square_Size>28.</square_Size>
<FixAspectRatio>1.</FixAspectRatio>
<flagValue>14</flagValue>
<Camera_Matrix type_id="opencv-matrix">
  <rows>3</rows>
  <cols>3</cols>
  <dt>d</dt>
  <data>
    4.7138255599183083e+02 0. 3.1950000000000000e+02 0.
    4.7138255599183083e+02 1.7950000000000000e+02 0. 0. 1.</data></Camera_Matrix>
<Distortion_Coefficients type_id="opencv-matrix">
  <rows>5</rows>
  <cols>1</cols>
  <dt>d</dt>
  <data>
    -2.2715778358691102e-01 -1.1143506683964997e+00 0. 0.
    2.7605280953431395e+00</data></Distortion_Coefficients>
<Avg_Reprojection_Error>4.0765124209255610e-01</Avg_Reprojection_Error>
<Per_View_Reprojection_Errors type_id="opencv-matrix">
  <rows>20</rows>
  <cols>1</cols>
  <dt>f</dt>
  <data>
    7.32439399e-01 7.03008294e-01 6.10061586e-01 5.00797629e-01
    5.59324145e-01 2.60986626e-01 1.81815952e-01 1.92444220e-01
    1.49868086e-01 1.63164318e-01 1.98192686e-01 2.20909223e-01
    2.68450797e-01 2.96635360e-01 2.25157946e-01 2.41495162e-01
    4.62581515e-01 5.72741270e-01 4.32433933e-01 2.89184898e-01</data></Per_View_Reprojection_Errors>
<Extrinsic_Parameters type_id="opencv-matrix">
  <rows>20</rows>
  <cols>6</cols>
  <dt>d</dt>
  <data>
    6.8659504994017628e-02 -5.8761491734932769e-01
    -2.9898759599223790e+00 1.7299254973072035e+01
    5.7553276652815100e+01 4.9652906519111571e+02 5.5405444016338463e-02
    -6.0388246349248231e-01 -2.9906095272757276e+00
    1.6435986841473550e+01 5.0380224668911040e+01 4.8559233416944102e+02
    2.6902483097367223e-02 -4.8458573163956825e-01
    -3.0557846990510313e+00 1.9832244010193538e+01
    4.6822557226352458e+01 4.9567350047248743e+02 1.2647377336341777e-02
    3.0213575388138392e-01 3.1148794115360880e+00 2.1536651560364025e+01
    4.9250322913822366e+01 5.1739567449152128e+02
    -1.4645685249514628e-01 -1.7275837831664262e-01
    -3.1249562458772684e+00 1.0085920121442751e+01
    7.0611353497635974e+01 5.3212844356253754e+02 2.2166702727581136e-01
    1.0099095185270210e-01 3.0828259177811419e+00 1.5851056409799111e+02
    1.0688198480246659e+02 6.1930107082892550e+02 1.8954623781690633e-01
    1.2644465586953429e-01 3.1157874876004596e+00 1.9459653089317706e+02
    1.0819242726660875e+02 6.2470515378478206e+02 1.7747535941067466e-01
    1.4666724761664110e-01 3.1251775428116160e+00 2.1608486257278426e+02
    1.0708722553385405e+02 6.2342226303862310e+02 1.2729988929604083e-01
    1.6045964876291269e-01 3.1201294758640734e+00 2.3723127638576966e+02
    1.0545504207785491e+02 6.2417689288240285e+02 5.9372279050291153e-02
    1.5431492671191821e-01 3.1271603019507168e+00 2.4984550675586692e+02
    1.0780252704672237e+02 6.2630837675345151e+02
    -2.4918986865784549e-02 1.7268585292553029e-01
    3.1360631361817410e+00 2.6395751481575513e+02 1.1110581726392881e+02
    6.2725919538245353e+02 1.0844095172547275e-01
    -1.6660902287004806e-01 -3.1301699071213869e+00
    2.8010203604749751e+02 1.1160017142850039e+02 6.2982739576504537e+02
    -1.9780912223403679e-01 1.5652862664229431e-01
    3.1309862961078494e+00 2.8852863626490756e+02 1.1246685313514223e+02
    6.3275902289027329e+02 2.6868228927028159e-01
    -1.5397606480674680e-01 -3.1142077140786846e+00
    2.9520373677046018e+02 1.1489471214458240e+02 6.3857082317707716e+02
    2.7878245427439463e-01 -1.2442848512979580e-01
    -3.0977067288657594e+00 2.8821125689266449e+02
    1.1851960502711619e+02 6.4154678386438388e+02 2.1178666712104929e-01
    -7.8370471496145594e-02 -3.1198112135897027e+00
    2.4485757054661698e+02 1.1232836442551147e+02 6.3140184294166284e+02
    1.7983447622176452e-01 -4.5086802561450270e-02
    -3.1379707096762206e+00 1.9249829793749322e+02
    1.0787556647262937e+02 6.2087212664722256e+02
    -1.3804811400998915e-01 2.7992099798623389e-02
    3.1234512089086461e+00 1.2864950760460502e+02 1.0427956893339629e+02
    6.0695678551674894e+02 -8.3357015951891503e-02
    9.8470332117352691e-02 3.0986695005873615e+00 9.9800627293742494e+01
    9.5491232229655267e+01 5.9329156751579580e+02
    -6.9551399283855869e-02 1.3660954526511598e-01
    3.0788617892817998e+00 8.6090235502898352e+01 8.6166862176786722e+01
    5.8130196099273519e+02</data></Extrinsic_Parameters>
